16711422
16777215
16776958
16777215
16777215
16711167
16777215
16777215
16580351
16711422
16711422
16711422
16711422
16711422
16776958
16711422
16711422
16711422
16777215
16777215
16383486
16777215
16777215
16777215
16777215
16776703
16580350
16580351
16580351
16776954
16514558
16514558
16645375
16580089
16513279
16513535
16711161
16448511
16448511
16579327
16776696
16579583
16579583
16711161
16513790
16646137
16580350
16777210
16514558
16777211
16777215
16580351
16777215
16777215
16580350
16777215
16645629
16579581
16447995
16447995
16185592
16250616
16250618
16184825
16184825
16184825
16446713
16250618
16250616
16316409
16447995
16317179
16776697
16645629
16777215
16711422
16777215
16777211
16777215
16711422
16383998
16645629
16579581
16382202
16119032
15987446
15593717
15658740
15527154
15658226
15658226
15658226
15396084
15527154
15658740
15724533
16118263
16119032
16382202
16579581
16645629
16711422
16580350
16711167
16777215
16711167
16776701
16579581
16382202
16119032
15592947
15395054
14869742
14934764
14803178
14868201
14803178
14803178
14606568
14803178
14934764
15066350
15395054
15462131
15791608
16382202
16579581
16645629
16711167
16711167
16711422
16777215
16382463
16447995
16119032
15592947
15132142
14671337
14145513
13881828
13947361
13815775
13881568
13881568
13618914
13947360
14013154
14342118
14671337
15132142
15855599
16119032
16447995
16579581
16777215
16777209
16711422
16777209
16710907
16776178
16052730
15329781
14737646
14145000
14012639
13814746
13683160
13158106
13551574
13157342
13092315
13289437
13421278
13750242
14276325
14672110
15723505
16053239
16382204
16579583
16711167
16317950
16711422
16711422
16382463
16382202
16053239
15461107
14868971
14276325
13750242
13552349
13420508
13288922
13288922
13288922
13093078
13420508
13552349
13881568
14276325
14868971
15330036
16053239
16382202
16710653
16711422
16777210
16711422
16777215
16711161
16447995
16119032
15593202
15132142
14671337
14210793
13881828
13947361
13815775
13881568
13881568
13684958
13947361
14013154
14342118
14671337
15132142
15396595
16119032
16447995
16579581
16777215
16514558
16777215
16711167
16645629
16579581
16382202
16119032
15592947
15395054
14935533
14934764
14803178
14868201
14803178
14803178
14606058
14803178
14934764
15066350
15395054
15592947
16184825
16382202
16513788
16645629
16580351
16711675
16777215
16711422
16449279
16645629
16579581
16382202
16119032
15987446
15987185
15921392
15527154
15658226
15658226
15658226
15527154
15527154
15658740
15724533
15987446
15987960
16381949
16579581
16645374
16711422
16711422
16711167
16777211
16776958
16514303
16646143
16776954
16579583
16775927
16448250
16054014
16251126
16513014
16184316
16512757
16184316
16053245
16250871
16513268
16579061
16710647
16447997
16448255
16645884
16777214
16711422
16449534
16776958
16777215
16777215
16646143
16711422
16711422
16711422
16645629
16579581
16382463
16317439
16448511
16579581
16579581
16579581
16317439
16579581
16579581
16579581
16579581
16645629
16449279
16711167
16711422
16777215
16777215
16515071
16777215
16777215
16449534
16777215
16777215
16711167
16777215
16777215
16777209
16711422
16711422
16711422
16711422
16711422
16580351
16711422
16711422
16711422
16777215
16777215
16776446
16777215
16777215
16777215
16777215
16711422
